Element, Isotope, abundance, amount
H,  001,  0.999885,  0
H,  002,  0.000115,  0
H,  003,  0,         0
He, 003, 0.00000134, 0
He, 004, 0.99999866, 0
Li, 006, 0.0759,     0
Li, 007, 0.9241,     0
Li, 008, 0,          0
Be, 009, 1,          0
Be, 010, 0,          0
B,  010,  0.199,     0
B,  011,  0.801,     0
B,  012,  0,         0
C,  012,  0.9893,    0
C,  013,  0.0107,    0
C,  014,  0,         0
N,  014,  0.99636,   0
N,  015,  0.00364,   0
N,  016,  0,         0
O,  016,  0.99757,   0
O,  017,  0.00038,   0
O,  018,  0.00205,   0
O,  019,  0,         0
F,  019,  1,         0
F,  020,  0,         0
Ne, 020, 0.9048,     0
Ne, 021, 0.0027,     0
Ne, 022, 0.0925,     0
Ne, 023, 0,          0  